NMol	Lbox (nm)	Temp (K)	Udep (kJ/mol)	P (bar)		Z
800	9.293284685	489		-2.788830625	49.6361		0.737604233
800	7.376084943	489		-5.32604875	77.6136		0.576678263
800	6.443603712	489		-7.72956625	110.5		0.54735208
800	5.854402499	489		-10.216085	197.433		0.733475316
800	5.434745853	489		-12.86400125	478.044		1.420769472
800	5.26479758	489		-14.2002725	776.4		2.097725158
800	5.114291656	489		-15.46745875	1264.18		3.1310025
800	4.979642013	489		-16.6076425	2014.17		4.604776077
800	4.858138531	489		-17.50945	3148.8		6.684559391
800	4.858138531	184		-20.904825	-46.1452	-0.260342624
800	4.858138531	267		-19.854575	953.872		3.708646232
800	4.979642013	232		-18.8583925	-29.5517	-0.142401884
800	4.979642013	315		-18.0695175	688.356		2.443001876
800	5.114291656	276		-16.96283375	-15.9001	-0.069770869
800	5.114291656	353		-16.38483375	474.927		1.629429269
800	5.26479758	315		-15.2066475	-6.46855	-0.027131156
800	5.26479758	383		-14.7875225	308.561		1.064422824
800	5.434745853	347		-13.58233875	2.55791		0.010713229
800	5.434745853	406		-13.25958875	200.638		0.718210518

