NMol	Lbox (nm)	Temp (K)	Udep (kJ/mol)	P (bar)		Z
800	10.22591902	520		-2.707033	38.9434		0.725044153
800	8.116317308	520		-5.18250375	62.1817		0.578846197
800	7.090256246	520		-7.54384875	83.4525		0.517903309
800	6.441925316	520		-9.92963125	129.112		0.600948432
800	5.980153723	520		-12.46646625	275.065		1.024226287
800	5.793150167	520		-13.79710625	426.191		1.442687185
800	5.627540112	520		-15.1264225	671.795		2.084568189
800	5.479377606	520		-16.39973875	1065.14		3.050871577
800	5.345680553	520		-17.57618125	1650.49		4.3898072
800	5.345680553	257		-19.84368125	-110.449	-0.594380506
800	5.345680553	344		-18.99293125	550.874		2.214775575
800	5.479377606	300		-17.92811375	-51.1374	-0.253885539
800	5.479377606	380		-17.32511375	382.188		1.498007633
800	5.627540112	337		-16.1800475	-23.8484	-0.114185782
800	5.627540112	409		-15.7326725	258.964		1.021642072
800	5.793150167	368		-14.58235625	-14.6047	-0.069857987
800	5.793150167	431		-14.21698125	174.824		0.713994762
800	5.980153723	393		-13.09141625	-1.93485	-0.00953276
800	5.980153723	448		-12.78471625	121.068		0.523257284
